    200.0    121.90437588886243
    204.8048048048048    120.65022815321869
    209.6096096096096    120.10961302639747
    214.4144144144144    120.12131578114534
    219.2192192192192    120.51981378098012
    224.02402402402402    121.77672363536077
    228.82882882882882    121.5096899535994
    233.63363363363362    120.76578690622627
    238.43843843843842    120.61417352556528
    243.24324324324323    121.87249324556284
    248.04804804804803    121.36394110821634
    252.85285285285286    122.82297655775004
    257.65765765765764    122.20095156271763
    262.46246246246244    122.88580773585375
    267.26726726726724    121.79845345186077
    272.07207207207205    121.07804000273546
    276.87687687687685    121.25170803617563
    281.68168168168165    120.43468676813704
    286.48648648648646    120.40687794464196
    291.29129129129126    119.91319707792458
    296.09609609609606    120.44774547540109
    300.9009009009009    121.30109481158975
    305.7057057057057    120.70363696028411
    310.5105105105105    119.5172546773578
    315.31531531531533    120.47172305679769
    320.12012012012013    121.38876492344728
    324.92492492492494    120.9156791309073
    329.72972972972974    119.80780420625166
    334.53453453453454    118.93896878961169
    339.33933933933935    118.0535846734225
    344.14414414414415    117.2344381928192
    348.94894894894895    117.89633476457902
    353.75375375375376    117.03419870657987
    358.55855855855856    115.82859322048519
    363.36336336336336    115.44834865667161
    368.16816816816817    115.8698276132905
    372.97297297297297    115.66253043579806
    377.77777777777777    115.32598904897078
    382.5825825825826    114.8453867329463
    387.3873873873874    115.24023618868566
    392.1921921921922    114.38720548184625
    396.99699699699704    114.2198379044099
    401.80180180180184    113.66710559876368
    406.60660660660665    114.93223392291966
    411.41141141141145    115.57184699603425
    416.21621621621625    115.05104446693227
    421.02102102102106    113.75853952728906
    425.82582582582586    112.35361025173353
    430.63063063063066    113.04098225648525
    435.43543543543547    114.08100194130958
    440.24024024024027    113.40873040496892
    445.0450450450451    113.43711412625069
    449.8498498498499    113.01674803478456
    454.6546546546547    114.01744698988986
    459.4594594594595    115.39132231181318
    464.2642642642643    114.90040511582289
    469.0690690690691    113.76747216141366
    473.8738738738739    114.47767393946313
    478.6786786786787    115.27704168112983
    483.4834834834835    114.12273342803138
    488.2882882882883    113.09965943481629
    493.0930930930931    113.86933101899422
    497.8978978978979    113.79354741619241
    502.7027027027027    114.26630020378339
    507.5075075075075    114.09376460373599
    512.3123123123123    114.39036376089156
    517.1171171171171    114.59549174394081
    521.9219219219219    114.87532458237287
    526.7267267267267    114.19941840730347
    531.5315315315315    114.0570807966301
    536.3363363363363    112.67885469742886
    541.1411411411411    111.6893050119226
    545.9459459459459    111.26341330287404
    550.7507507507507    112.75839339572599
    555.5555555555555    112.8959978037358
    560.3603603603603    111.53368151664154
    565.1651651651651    112.15571900296675
    569.96996996997    110.77308212228357
    574.7747747747748    111.2303591291296
    579.5795795795796    111.08049483625224
    584.3843843843844    110.23149379140523
    589.1891891891892    111.48529851032873
    593.9939939939941    110.58304795513601
    598.7987987987988    109.67810227085516
    603.6036036036037    109.7312777046423
    608.4084084084084    109.630656542815
    613.2132132132133    109.05460881967475
    618.018018018018    107.56431600415087
    622.8228228228229    107.3527932312915
    627.6276276276276    106.87539438779544
    632.4324324324325    107.21073541030547
    637.2372372372372    106.60988568006326
    642.0420420420421    106.19786628002063
    646.8468468468468    106.64020784242132
    651.6516516516517    105.82921828556478
    656.4564564564564    104.74340168315582
    661.2612612612613    105.2235149031469
    666.066066066066    105.8375414708763
    670.8708708708709    107.06359413406686
    675.6756756756756    108.54163399441141
    680.4804804804805    108.32426233226366
    685.2852852852852    107.16961383611046
    690.0900900900901    106.30266003790497
    694.8948948948948    106.13477550083458
    699.6996996996997    105.95480375321448
    704.5045045045044    104.50988540795394
    709.3093093093094    104.27822277385577
    714.1141141141142    102.90278969769352
    718.918918918919    102.06658669654418
    723.7237237237238    103.14435962668422
    728.5285285285286    101.76684276055367
    733.3333333333334    103.17403308408682
    738.1381381381382    101.94702124295674
    742.942942942943    101.39925139959286
    747.7477477477478    101.07540580657376
    752.5525525525526    100.818086736375
    757.3573573573574    101.83865047001709
    762.1621621621622    102.38245023281203
    766.966966966967    103.02387315581788
    771.7717717717718    103.37132924261725
    776.5765765765766    104.80797088229136
    781.3813813813814    103.34771466211227
    786.1861861861862    103.25635221542646
    790.990990990991    104.51346474998725
    795.7957957957958    103.85545633126553
    800.6006006006006    103.35625916263591
    805.4054054054054    103.42762990162994
    810.2102102102102    104.8699652740203
    815.015015015015    104.43625418365757
    819.8198198198198    105.06909522458155
    824.6246246246246    104.49092937296602
    829.4294294294294    104.40514624973525
    834.2342342342342    105.73731343635878
    839.039039039039    105.4846729241206
    843.8438438438438    105.54737280345417
    848.6486486486486    104.94582486315228
    853.4534534534534    103.52469362774225
    858.2582582582583    102.71738254547941
    863.063063063063    102.33266516013666
    867.8678678678679    101.62964639256164
    872.6726726726727    100.1845466610591
    877.4774774774775    98.93048753197897
    882.2822822822823    98.14333674866569
    887.0870870870871    97.09377940504763
    891.8918918918919    98.02393550744111
    896.6966966966967    98.89847073012868
    901.5015015015015    97.5924834142236
    906.3063063063063    97.21820019104554
    911.1111111111111    95.85463570692087
    915.9159159159159    96.93397061259802
    920.7207207207207    96.53045256693318
    925.5255255255255    96.1421120824477
    930.3303303303303    97.60880611668078
    935.1351351351351    98.2967610255609
    939.9399399399399    97.23515554334614
    944.7447447447447    95.92431838873416
    949.5495495495495    94.96775064514536
    954.3543543543543    96.32625147022831
    959.1591591591591    95.00502558015607
    963.9639639639639    94.3135833216193
    968.7687687687687    94.7691251528944
    973.5735735735736    93.95473247081325
    978.3783783783784    94.05397446022343
    983.1831831831832    95.53024239698858
    987.987987987988    94.6370302797606
    992.7927927927929    93.92601636246691
    997.5975975975977    92.71892832990844
    1002.4024024024025    93.46513759367181
    1007.2072072072073    94.34246495494423
    1012.0120120120121    94.18262972885395
    1016.8168168168169    93.61647894236589
    1021.6216216216217    94.72707175850822
    1026.4264264264266    94.89365860543715
    1031.2312312312313    93.40159064932917
    1036.036036036036    92.69538457681486
    1040.8408408408409    91.72939614620763
    1045.6456456456458    90.84530259223675
    1050.4504504504505    90.57528764020162
    1055.2552552552552    90.74444142050186
    1060.06006006006    91.881456973289
    1064.864864864865    91.35984510769781
    1069.6696696696697    90.49551422535262
    1074.4744744744744    90.77620360880962
    1079.2792792792793    92.26400705698144
    1084.0840840840842    92.31386203881615
    1088.888888888889    90.92928887587804
    1093.6936936936936    91.90384516540202
    1098.4984984984985    91.09655174006305
    1103.3033033033034    92.3460519708146
    1108.1081081081081    92.73013712972764
    1112.9129129129128    93.08124646047854
    1117.7177177177177    93.89389884434239
    1122.5225225225226    94.91342844537934
    1127.3273273273273    93.98588250489128
    1132.132132132132    93.97052791008589
    1136.936936936937    92.80402804466483
    1141.7417417417419    92.85781830423173
    1146.5465465465466    94.16462716895677
    1151.3513513513512    95.46931987897895
    1156.1561561561562    95.73401801596512
    1160.960960960961    94.73788466675313
    1165.7657657657658    94.64335251154081
    1170.5705705705705    95.0212007547496
    1175.3753753753754    93.54593911985162
    1180.1801801801803    92.49798241293944
    1184.984984984985    92.1213716537312
    1189.7897897897897    91.2237890501346
    1194.5945945945946    91.7730456925473
    1199.3993993993995    91.13164722784332
    1204.2042042042042    91.3477663775619
    1209.0090090090089    92.4733854432853
    1213.8138138138138    92.41204868415484
    1218.6186186186187    91.29351179858071
    1223.4234234234234    91.48316446140132
    1228.2282282282283    92.7222597592954
    1233.033033033033    91.39886722917862
    1237.837837837838    92.81690413380525
    1242.6426426426426    92.25484141106263
    1247.4474474474475    93.41827828501167
    1252.2522522522522    93.7199308858071
    1257.0570570570571    92.81254591990445
    1261.8618618618618    91.7013691358008
    1266.6666666666667    90.66465436349156
    1271.4714714714714    89.61114782812831
    1276.2762762762763    89.85010837645893
    1281.081081081081    90.79360461602133
    1285.885885885886    89.29678675301713
    1290.6906906906906    89.42641317368908
    1295.4954954954956    88.92198840645989
    1300.3003003003003    90.11748392470915
    1305.1051051051052    91.48933894241429
    1309.9099099099099    92.84713213682059
    1314.7147147147148    91.80928993395437
    1319.5195195195195    91.72931654616954
    1324.3243243243244    91.91966600699959
    1329.129129129129    92.01402930497956
    1333.933933933934    90.85475198020887
    1338.7387387387387    90.63816322426419
    1343.5435435435436    89.9767506501885
    1348.3483483483483    89.75286781065641
    1353.1531531531532    89.15532462864007
    1357.957957957958    88.52628020668885
    1362.7627627627628    88.71865913133952
    1367.5675675675675    88.92018351867041
    1372.3723723723724    89.93151173981472
    1377.177177177177    91.21093026246051
    1381.981981981982    90.9450864839827
    1386.7867867867867    92.33423267379045
    1391.5915915915916    91.20503519578286
    1396.3963963963963    90.18730156293307
    1401.2012012012012    91.26126220366683
    1406.006006006006    91.52746314958034
    1410.8108108108108    90.50135120206335
    1415.6156156156155    89.6354917320136
    1420.4204204204204    88.87203471479098
    1425.2252252252251    90.19132061078912
    1430.03003003003    90.19774522843697
    1434.834834834835    91.37288072613693
    1439.6396396396397    91.22431418897781
    1444.4444444444446    92.4124492955536
    1449.2492492492493    93.18244172110869
    1454.0540540540542    92.36785995713858
    1458.8588588588589    92.50668707337148
    1463.6636636636638    92.03366394204069
    1468.4684684684685    93.16810666742944
    1473.2732732732734    91.7118412028835
    1478.078078078078    90.80809901060093
    1482.882882882883    89.3498775272096
    1487.6876876876877    89.74130844535041
    1492.4924924924926    89.06504650963787
    1497.2972972972973    90.3816221670974
    1502.1021021021022    89.7172195631144
    1506.906906906907    88.37356581906543
    1511.7117117117118    87.7950393338875
    1516.5165165165165    89.13413660385383
    1521.3213213213214    89.10726921639562
    1526.126126126126    88.64124390050051
    1530.930930930931    89.26727242594605
    1535.7357357357357    87.85899621970249
    1540.5405405405406    88.91752123356196
    1545.3453453453453    88.57342834709085
    1550.1501501501502    89.49369414780685
    1554.954954954955    88.50652446224537
    1559.7597597597598    89.36588945038756
    1564.5645645645645    90.0919657168279
    1569.3693693693695    89.91156066440799
    1574.1741741741741    88.42237485641353
    1578.978978978979    89.00936673925776
    1583.7837837837837    88.93798582833905
    1588.5885885885887    90.09805061975993
    1593.3933933933934    90.587324817358
    1598.1981981981983    90.03783582194012
    1603.003003003003    90.74758705496203
    1607.8078078078079    89.35473993392705
    1612.6126126126126    88.15891833645065
    1617.4174174174175    89.32350984101426
    1622.2222222222222    89.49862849126474
    1627.027027027027    90.461361369253
    1631.8318318318318    89.18499173733586
    1636.6366366366367    89.21078432393112
    1641.4414414414414    88.91839659481938
    1646.2462462462463    89.22246513031456
    1651.051051051051    89.63782946257656
    1655.855855855856    89.9556305575913
    1660.6606606606606    88.72847597291138
    1665.4654654654655    87.97868170840054
    1670.2702702702702    86.94013811786347
    1675.0750750750751    85.51105415349727
    1679.8798798798798    84.68926041392432
    1684.6846846846847    85.74544513789766
    1689.4894894894894    87.14516215467279
    1694.2942942942943    86.32012580956872
    1699.099099099099    87.60508481322299
    1703.903903903904    88.42905409292678
    1708.7087087087086    87.8293490747179
    1713.5135135135135    87.842678494741
    1718.3183183183182    88.01467476408867
    1723.1231231231232    86.95439991115263
    1727.9279279279278    87.41519052436382
    1732.7327327327328    88.2704441935604
    1737.5375375375374    87.74383075309504
    1742.3423423423424    86.92027421833065
    1747.1471471471473    85.55622912873316
    1751.951951951952    84.73118152932426
    1756.7567567567569    84.75507038360499
    1761.5615615615616    84.87709536128953
    1766.3663663663665    84.5670791293826
    1771.1711711711712    85.5944719747133
    1775.975975975976    86.9328853114042
    1780.7807807807808    85.98678621390036
    1785.5855855855857    84.60296473466772
    1790.3903903903904    85.28122219972539
    1795.1951951951953    83.89631548047612
    1800.0    83.71270513091089
    1804.804804804805    83.43723329330221
    1809.6096096096096    82.87074620853517
    1814.4144144144145    81.93081745289483
    1819.2192192192192    81.91240437505292
    1824.0240240240241    80.94166665322456
    1828.8288288288288    79.9173467936775
    1833.6336336336337    78.50160251068411
    1838.4384384384384    79.15910486951023
    1843.2432432432433    77.69842442166512
    1848.048048048048    77.26817377919508
    1852.852852852853    75.88899907337824
    1857.6576576576576    76.77610772036407
    1862.4624624624626    76.8257125521122
    1867.2672672672672    76.6978674725392
    1872.0720720720722    77.11363279233686
    1876.8768768768768    77.55070432216282
    1881.6816816816818    76.82186133327444
    1886.4864864864865    78.00862760010017
    1891.2912912912914    78.81458209082922
    1896.096096096096    79.43950476066173
    1900.900900900901    79.06445205452707
    1905.7057057057057    78.3727672653592
    1910.5105105105106    77.65594603999655
    1915.3153153153153    76.36799682065535
    1920.1201201201202    74.87702572353801
    1924.9249249249249    75.77522700070122
    1929.7297297297298    74.55162673151749
    1934.5345345345345    74.71168504774006
    1939.3393393393394    75.34193820689612
    1944.144144144144    76.28318446511967
    1948.948948948949    77.54580349191501
    1953.7537537537537    78.52649753129228
    1958.5585585585586    79.67119865853296
    1963.3633633633633    80.53888900056296
    1968.1681681681682    79.87018140048329
    1972.972972972973    79.47617524794327
    1977.7777777777778    80.70285540961666
    1982.5825825825825    80.82223057767595
    1987.3873873873874    79.95387445507389
    1992.1921921921921    81.35545113573676
    1996.996996996997    81.7154853224748
    2001.8018018018017    80.91809302688158
    2006.6066066066066    80.12644443077424
    2011.4114114114113    81.02179311217564
    2016.2162162162163    82.3452038310517
    2021.021021021021    81.64016522833423
    2025.8258258258259    81.42756052264906
    2030.6306306306305    81.9624379962193
    2035.4354354354355    82.33656055785566
    2040.2402402402402    82.34496731260728
    2045.045045045045    81.28441042715644
    2049.84984984985    82.20708056783464
    2054.6546546546547    82.2236406629503
    2059.4594594594596    81.4996385921592
    2064.264264264264    82.77845656750812
    2069.069069069069    84.23094570323498
    2073.873873873874    83.87649300812483
    2078.678678678679    84.93628688801321
    2083.4834834834837    84.27126208293419
    2088.2882882882886    83.90725642805818
    2093.093093093093    82.71757445246965
    2097.897897897898    83.78138153204367
    2102.7027027027025    83.24071328541439
    2107.5075075075074    82.67679234422916
    2112.3123123123123    83.69537162780107
    2117.1171171171172    83.45782251808618
    2121.921921921922    82.90165976104353
    2126.726726726727    82.40169652274591
    2131.5315315315315    81.42856425774747
    2136.3363363363364    80.84010629489687
    2141.141141141141    79.81722815183313
    2145.945945945946    80.1524460812086
    2150.7507507507507    81.50238720582823
    2155.5555555555557    81.49600835880496
    2160.3603603603606    81.53940326490365
    2165.1651651651655    81.8176537925859
    2169.96996996997    81.66308273545293
    2174.774774774775    81.8494074685886
    2179.5795795795793    81.47673436065932
    2184.3843843843842    80.10702801233272
    2189.189189189189    80.68622434840162
    2193.993993993994    81.02762817711017
    2198.798798798799    81.94936858077823
    2203.603603603604    82.209359783007
    2208.4084084084084    81.04330486989926
    2213.2132132132133    79.85035289411192
    2218.0180180180178    80.4586203093473
    2222.8228228228227    80.99489683341712
    2227.6276276276276    82.15651268144785
    2232.4324324324325    83.33372411990337
    2237.2372372372374    82.14141860487136
    2242.0420420420423    82.0795556228666
    2246.846846846847    83.0421926599982
    2251.6516516516517    84.52084866996691
    2256.4564564564566    84.531856245631
    2261.261261261261    85.80391141993775
    2266.066066066066    84.64472845837817
    2270.870870870871    84.15950190520648
    2275.675675675676    82.90712466495778
    2280.4804804804803    82.0051744690449
    2285.285285285285    82.67461877394175
    2290.09009009009    81.54750906336558
    2294.894894894895    82.72696507863739
    2299.6996996996995    82.38455686383192
    2304.5045045045044    81.98551892343234
    2309.3093093093094    81.37860810759636
    2314.1141141141143    80.26138076359416
    2318.9189189189187    79.0395463467962
    2323.7237237237237    78.12089711195452
    2328.5285285285286    78.39303356193165
    2333.3333333333335    78.64630952760537
    2338.138138138138    79.60305732206193
    2342.942942942943    79.67484223643085
    2347.747747747748    80.32612561417238
    2352.5525525525527    80.81891504283342
    2357.3573573573576    79.58634381080402
    2362.162162162162    78.7192452362043
    2366.966966966967    80.18359522758824
    2371.771771771772    81.54784010069824
    2376.576576576577    82.1694601258992
    2381.3813813813813    82.974288651592
    2386.186186186186    83.97152348519576
    2390.990990990991    84.96737521196584
    2395.795795795796    85.83869922618712
    2400.6006006006005    86.414737404894
    2405.4054054054054    85.73542885351483
    2410.2102102102103    86.36919207211427
    2415.0150150150153    87.13137785010396
    2419.8198198198197    87.10236513691403
    2424.6246246246246    88.42393703449565
    2429.4294294294295    89.01599330720424
    2434.2342342342345    89.2083253839437
    2439.039039039039    90.35184035472938
    2443.843843843844    89.92361584353264
    2448.6486486486488    89.37371462021667
    2453.4534534534537    89.14583067737776
    2458.258258258258    90.25420681270677
    2463.063063063063    91.43485218638948
    2467.867867867868    91.34134610381852
    2472.672672672673    91.70857051626693
    2477.4774774774774    92.30041992989628
    2482.2822822822823    90.94155612607017
    2487.087087087087    90.26426142671055
    2491.891891891892    88.8879037942891
    2496.6966966966966    90.11004885960241
    2501.5015015015015    90.51949431297523
    2506.3063063063064    90.79070920688132
    2511.1111111111113    89.68480821376757
    2515.915915915916    88.77985562325074
    2520.7207207207207    89.05355358396154
    2525.5255255255256    88.47692164846501
    2530.3303303303305    88.27834425825122
    2535.135135135135    88.40736726840424
    2539.93993993994    88.82955273981169
    2544.744744744745    88.84381486915709
    2549.5495495495497    87.58943985900221
    2554.354354354354    86.69171192758604
    2559.159159159159    86.65855821798382
    2563.963963963964    86.2942241569983
    2568.768768768769    86.57102451560596
    2573.5735735735734    85.77162599237353
    2578.3783783783783    84.39492095592752
    2583.1831831831832    82.96385999941265
    2587.987987987988    82.39464271967533
    2592.7927927927926    81.01683872546282
    2597.5975975975975    81.62234040622539
    2602.4024024024025    82.68206878862297
    2607.2072072072074    82.09076859845062
    2612.012012012012    80.85132528638265
    2616.8168168168168    81.15351347642871
    2621.6216216216217    80.28202238229404
    2626.4264264264266    81.24771521906735
    2631.231231231231    81.90944555089789
    2636.036036036036    80.46042834271623
    2640.840840840841    81.29683113135926
    2645.645645645646    79.83058317171775
    2650.4504504504503    79.34428502593056
    2655.255255255255    78.34500143698686
    2660.06006006006    79.35046856923508
    2664.864864864865    80.6079697832899
    2669.66966966967    81.7824259402264
    2674.4744744744744    80.43383689912308
    2679.2792792792793    79.62857444881188
    2684.084084084084    78.70098472416917
    2688.888888888889    79.58047572255069
    2693.6936936936936    80.92780421152379
    2698.4984984984985    80.90644912427938
    2703.3033033033034    82.35904371358735
    2708.1081081081084    83.08006537735082
    2712.912912912913    83.33477848150676
    2717.7177177177177    82.05356578775496
    2722.5225225225226    83.21099966890309
    2727.3273273273276    84.43647957599593
    2732.132132132132    85.38000263375011
    2736.936936936937    85.90408782017053
    2741.741741741742    84.47330232153328
    2746.546546546547    84.37199119717924
    2751.3513513513512    83.63101202214969
    2756.156156156156    83.80536684369736
    2760.960960960961    83.30641672701394
    2765.765765765766    82.44610136425712
    2770.5705705705705    81.55882468865397
    2775.3753753753754    81.13706338466665
    2780.1801801801803    79.7660925599195
    2784.984984984985    81.15630770290548
    2789.7897897897897    82.07628377781978
    2794.5945945945946    81.3382378832209
    2799.3993993993995    80.12416859360111
    2804.2042042042044    81.55999572547951
    2809.009009009009    80.53416439607436
    2813.813813813814    80.3535692077053
    2818.6186186186187    81.21397746311817
    2823.4234234234236    80.87733538220313
    2828.228228228228    80.53965004733546
    2833.033033033033    80.15580796014443
    2837.837837837838    79.49060343409691
    2842.642642642643    80.93181198709787
    2847.4474474474473    81.13321288448861
    2852.252252252252    81.03452751280452
    2857.057057057057    81.26513373593531
    2861.861861861862    81.99053005365913
    2866.6666666666665    83.47206630397474
    2871.4714714714714    84.78570527693007
    2876.2762762762763    84.94816817253658
    2881.0810810810813    84.24122825391892
    2885.8858858858857    84.79049720319811
    2890.6906906906906    84.95579264146927
    2895.4954954954956    85.70434712526301
    2900.3003003003005    86.46752333467029
    2905.105105105105    87.62248847579458
    2909.90990990991    86.85944972150706
    2914.714714714715    86.70592081349523
    2919.5195195195197    87.70393477715798
    2924.324324324324    87.99168350113962
    2929.129129129129    88.95161386618265
    2933.933933933934    87.54799071237211
    2938.738738738739    86.59038017246051
    2943.5435435435434    86.60442600435057
    2948.3483483483483    85.37648079039278
    2953.153153153153    85.01817799910218
    2957.957957957958    83.8874387642119
    2962.7627627627626    85.32796845872909
    2967.5675675675675    86.29854398278836
    2972.3723723723724    87.28645751253595
    2977.1771771771773    86.10091653083107
    2981.9819819819822    85.74148532689982
    2986.7867867867867    86.3730717561867
    2991.5915915915916    85.81060453579167
    2996.3963963963965    86.77642804615003
    3001.2012012012015    86.66698361909165
    3006.006006006006    88.16004732758515
    3010.810810810811    87.2553976483912
    3015.6156156156158    88.23841077239081
    3020.4204204204207    87.66328393561861
    3025.225225225225    88.49623270466125
    3030.03003003003    89.16620365793075
    3034.834834834835    87.97022718308826
    3039.63963963964    89.07608885737822
    3044.4444444444443    88.36578294534065
    3049.2492492492493    89.15327011201333
    3054.054054054054    89.66226851600592
    3058.858858858859    88.39038576285344
    3063.6636636636636    88.76930129246823
    3068.4684684684685    89.00981774260663
    3073.2732732732734    89.04412902438442
    3078.0780780780783    90.03741918076592
    3082.8828828828828    89.34116539818227
    3087.6876876876877    88.09260634657308
    3092.4924924924926    88.07059876595612
    3097.2972972972975    88.28271038086788
    3102.102102102102    87.40262861681869
    3106.906906906907    87.18668945143307
    3111.711711711712    88.28007126066956
    3116.5165165165167    87.56687987376316
    3121.321321321321    88.95752422862053
    3126.126126126126    87.77220699760713
    3130.930930930931    87.1003390575264
    3135.735735735736    86.7066828873733
    3140.5405405405404    87.95661593214919
    3145.3453453453453    88.74738351653016
    3150.1501501501502    89.08455978341864
    3154.954954954955    89.69290710899004
    3159.7597597597596    90.57585381977002
    3164.5645645645645    91.83984991009156
    3169.3693693693695    92.59673410750345
    3174.1741741741744    92.12408707237975
    3178.978978978979    91.12105467900567
    3183.7837837837837    89.79366827775257
    3188.5885885885887    89.15840652888348
    3193.3933933933936    88.89870200330061
    3198.198198198198    87.62938519931625
    3203.003003003003    86.9909140128831
    3207.807807807808    88.33308245278208
    3212.612612612613    88.99447113018755
    3217.4174174174173    89.44062187535151
    3222.222222222222    89.1584802297125
    3227.027027027027    89.20122222034945
    3231.831831831832    87.92360731318294
    3236.6366366366365    87.06842149522716
    3241.4414414414414    86.06402707646293
    3246.2462462462463    87.54864837709252
    3251.051051051051    87.44224758829762
    3255.8558558558557    87.30952932380181
    3260.6606606606606    87.02868680868319
    3265.4654654654655    87.17827258159154
    3270.2702702702704    86.24787215019907
    3275.075075075075    86.12373433806769
    3279.87987987988    85.71127118209638
    3284.6846846846847    86.56133470564532
    3289.4894894894896    86.7240293364976
    3294.2942942942946    87.72239320361548
    3299.099099099099    87.41709983412652
    3303.903903903904    86.88151789603056
    3308.708708708709    86.61979529365922
    3313.5135135135138    85.21972954066833
    3318.3183183183182    85.56510461693613
    3323.123123123123    85.47705619270994
    3327.927927927928    85.46923920956863
    3332.732732732733    84.91716357627742
    3337.5375375375374    84.82812515332337
    3342.3423423423424    83.61294135382808
    3347.1471471471473    84.16708278773166
    3351.951951951952    83.96689833051018
    3356.7567567567567    84.77218869320855
    3361.5615615615616    85.0755718170703
    3366.3663663663665    83.62389471419336
    3371.1711711711714    85.03381692871133
    3375.975975975976    84.96409222156083
    3380.780780780781    86.08980434397388
    3385.5855855855857    87.55691356797166
    3390.3903903903906    86.86182673506057
    3395.195195195195    85.41771328897086
    3400.0    85.16335983457736
    3404.804804804805    84.65889766779875
    3409.60960960961    86.02715052033045
    3414.4144144144143    87.04393935401727
    3419.219219219219    87.41675801236711
    3424.024024024024    86.59964097619815
    3428.828828828829    86.85699342137012
    3433.6336336336335    86.32072507770877
    3438.4384384384384    86.17014082989293
    3443.2432432432433    85.78067211987792
    3448.0480480480483    86.8344073497626
    3452.8528528528527    87.81068878021465
    3457.6576576576576    89.17824823245246
    3462.4624624624626    89.01241954232333
    3467.2672672672675    88.63643739451926
    3472.072072072072    88.10771197722157
    3476.876876876877    87.90172340252231
    3481.6816816816818    86.65213521893597
    3486.4864864864867    85.88543748567798
    3491.291291291291    85.46412557969792
    3496.096096096096    84.00256343400412
    3500.900900900901    82.84274899388073
    3505.705705705706    82.29183747812169
    3510.5105105105104    82.33489651745046
    3515.3153153153153    83.4529729917862
    3520.12012012012    83.0091054301818
    3524.924924924925    81.65692726650961
    3529.7297297297296    80.42463304782052
    3534.5345345345345    80.4134152397244
    3539.3393393393394    81.54132748556717
    3544.1441441441443    82.53828018334804
    3548.948948948949    81.86121602675055
    3553.7537537537537    82.52548555498903
    3558.5585585585586    82.98323733303769
    3563.3633633633635    83.60051214287783
    3568.168168168168    82.45190496525639
    3572.972972972973    81.53312153070006
    3577.777777777778    81.83295255875932
    3582.5825825825827    82.16669231156841
    3587.3873873873877    81.2768695277975
    3592.192192192192    82.06529123000769
    3596.996996996997    83.03290718520317
    3601.801801801802    82.6147116054998
    3606.606606606607    81.89401067915851
    3611.4114114114113    80.42761932256762
    3616.2162162162163    78.99479370014961
    3621.021021021021    79.46168710521259
    3625.825825825826    79.7778929864374
    3630.6306306306305    79.1567182634965
    3635.4354354354355    79.59651209128587
    3640.2402402402404    80.0668292595588
    3645.0450450450453    78.9873426405594
    3649.8498498498498    77.52460003478409
    3654.6546546546547    77.38827620382364
    3659.4594594594596    77.31893914131128
    3664.2642642642645    77.30593607728136
    3669.069069069069    77.34311043242954
    3673.873873873874    76.27658868591186
    3678.678678678679    75.56521321670512
    3683.4834834834837    76.62846348219847
    3688.288288288288    76.38287610932623
    3693.093093093093    75.59529150748628
    3697.897897897898    74.48857018459682
    3702.702702702703    73.91169646105566
    3707.5075075075074    75.05683443713123
    3712.3123123123123    73.98525919854481
    3717.1171171171172    74.05345476683884
    3721.921921921922    75.46524349750072
    3726.7267267267266    75.34909269933856
    3731.5315315315315    76.84327064102203
    3736.3363363363364    76.73367487626672
    3741.1411411411414    77.28055735145968
    3745.945945945946    76.10180359331467
    3750.7507507507507    76.8410559369711
    3755.5555555555557    77.49807477415796
    3760.3603603603606    78.03457057040198
    3765.165165165165    78.76067550606777
    3769.96996996997    79.59192042872618
    3774.774774774775    79.10403308538254
    3779.57957957958    79.46011034398776
    3784.3843843843842    80.02969188886519
    3789.189189189189    80.71607942419047
    3793.993993993994    81.55744803748937
    3798.798798798799    81.36639567438401
    3803.6036036036035    80.68414669207873
    3808.4084084084084    79.34124275390008
    3813.2132132132133    79.1121783591466
    3818.018018018018    79.97133557576373
    3822.8228228228227    80.24947968303177
    3827.6276276276276    79.40549862421591
    3832.4324324324325    80.34075498640921
    3837.2372372372374    79.66778948357097
    3842.042042042042    80.43328973478764
    3846.846846846847    80.72530009904439
    3851.6516516516517    82.03674054677049
    3856.4564564564566    81.21973510726698
    3861.261261261261    82.34877388810996
    3866.066066066066    81.79576218278436
    3870.870870870871    83.04827045629942
    3875.675675675676    84.42303795127017
    3880.4804804804803    85.59896814695071
    3885.285285285285    85.75347696218668
    3890.09009009009    85.81613899865185
    3894.894894894895    84.63723325789792
    3899.6996996997    83.28651722979161
    3904.5045045045044    83.86991415637515
    3909.3093093093094    83.20247934641283
    3914.1141141141143    83.92532170092139
    3918.918918918919    84.78391256388211
    3923.7237237237237    85.50467265273487
    3928.5285285285286    84.71390082246374
    3933.3333333333335    84.21472150653352
    3938.1381381381384    82.95522925666947
    3942.942942942943    81.65616969732496
    3947.747747747748    81.55566634142525
    3952.5525525525527    81.6658577916135
    3957.3573573573576    81.19228780372079
    3962.162162162162    79.69345117551774
    3966.966966966967    79.85432898157369
    3971.771771771772    78.46054410413242
    3976.576576576577    79.0722978042229
    3981.3813813813813    80.28023229302885
    3986.186186186186    78.94025891380944
    3990.990990990991    79.42811553410161
    3995.795795795796    78.04702527634022
    4000.6006006006005    77.59792413649183
    4005.4054054054054    77.64825827205576
    4010.2102102102103    78.89528723837053
    4015.0150150150153    79.52291333791624
    4019.8198198198197    80.64801869462866
    4024.6246246246246    81.10357207226215
    4029.4294294294295    80.07304730360038
    4034.2342342342345    78.66702034536078
    4039.039039039039    78.69028766724787
    4043.843843843844    79.66138279025577
    4048.6486486486488    80.27511544648894
    4053.4534534534537    81.24501788711652
    4058.258258258258    81.3379085410418
    4063.063063063063    80.77219814573115
    4067.867867867868    79.66506769727167
    4072.672672672673    79.85093629633033
    4077.4774774774774    81.10481468495288
    4082.2822822822823    81.38845482002127
    4087.087087087087    80.79840890943527
    4091.891891891892    82.00367462874522
    4096.696696696697    82.35603492016452
    4101.5015015015015    81.83893479957231
    4106.306306306306    82.45488582520015
    4111.111111111111    82.94354038318087
    4115.915915915915    83.85859759664908
    4120.720720720721    83.05402737633067
    4125.525525525525    83.5912227626489
    4130.330330330331    83.58671734915077
    4135.135135135135    82.60678837010552
    4139.93993993994    81.84842059273507
    4144.744744744745    81.60740430521349
    4149.54954954955    80.62301856470425
    4154.354354354355    79.97602921715318
    4159.159159159159    80.54080980967353
    4163.9639639639645    79.18981152936584
    4168.7687687687685    78.40750004692288
    4173.573573573573    77.55275328923209
    4178.378378378378    78.65503935859861
    4183.183183183183    77.32587237791674
    4187.987987987988    75.99617701773163
    4192.792792792792    75.97174504983298
    4197.597597597598    76.13046669049638
    4202.402402402402    74.77576212626158
    4207.207207207208    75.555128408306
    4212.012012012012    74.6615119662968
    4216.816816816817    74.47471545198313
    4221.621621621622    74.2551970013302
    4226.426426426427    73.53496766742116
    4231.2312312312315    73.54406313424515
    4236.0360360360355    74.90125014150824
    4240.840840840841    74.57249020193179
    4245.645645645645    73.16063049421123
    4250.450450450451    74.04588528853408
    4255.255255255255    75.02060053056573
    4260.06006006006    73.96033628625655
    4264.864864864865    73.83845480624697
    4269.66966966967    75.11262424672914
    4274.474474474475    74.97601145985632
    4279.279279279279    73.67352749747016
    4284.084084084085    74.43153490153098
    4288.888888888889    75.34597887931307
    4293.693693693694    74.84609389397251
    4298.4984984984985    75.19515461093575
    4303.303303303303    76.49983658140621
    4308.108108108108    77.48327894510143
    4312.912912912913    77.1861010742711
    4317.717717717718    76.53353299626808
    4322.522522522522    77.77857480363974
    4327.327327327327    78.08526423087365
    4332.132132132132    78.41269233420608
    4336.936936936937    79.30546847044258
    4341.741741741742    78.51215478281067
    4346.546546546547    78.33316820741125
    4351.351351351352    78.90718188290246
    4356.156156156157    78.2297148931977
    4360.960960960961    77.14557187748017
    4365.7657657657655    75.90436881958692
    4370.57057057057    75.1338328026288
    4375.375375375375    73.92590279596098
    4380.18018018018    73.5353671041029
    4384.984984984985    74.45069177699439
    4389.78978978979    73.14065040284852
    4394.594594594595    73.90615911085065
    4399.399399399399    73.56360920176216
    4404.204204204204    73.69482484803609
    4409.009009009009    74.94989585701218
    4413.813813813814    74.51386127299175
    4418.618618618619    75.07297621265631
    4423.423423423424    75.28202966071758
    4428.2282282282285    75.50719237538954
    4433.0330330330335    74.45788405916146
    4437.8378378378375    75.33563589080843
    4442.642642642642    74.26124150950011
    4447.447447447447    73.17358182822893
    4452.252252252252    74.33109576540396
    4457.057057057057    73.10398952173519
    4461.861861861862    73.48557930001516
    4466.666666666667    72.59431117652774
    4471.471471471472    72.0864331116219
    4476.276276276276    71.70413939518657
    4481.081081081081    72.88806968978469
    4485.885885885886    73.76243739851616
    4490.690690690691    74.53252934636359
    4495.495495495496    74.37074161428156
    4500.3003003003005    74.22541270943115
    4505.105105105105    75.05007743466365
    4509.90990990991    73.61257783310553
    4514.714714714715    73.66106071259266
    4519.519519519519    72.52372083274744
    4524.324324324324    72.15719599540012
    4529.129129129129    71.52183259781317
    4533.933933933934    72.91202811914249
    4538.738738738739    72.05202818941758
    4543.543543543544    71.36288611113339
    4548.348348348349    72.07519511381736
    4553.153153153154    73.53317075112001
    4557.957957957958    74.55284132290797
    4562.762762762763    74.28147313354965
    4567.5675675675675    73.35537627256987
    4572.372372372372    72.5983191767727
    4577.177177177177    72.09403695419503
    4581.981981981982    72.73053701967203
    4586.786786786787    71.49408641283082
    4591.591591591592    72.02856737745361
    4596.396396396396    72.35565450524643
    4601.201201201201    71.73972433398566
    4606.006006006006    70.65364805671
    4610.810810810811    70.71249687718519
    4615.615615615616    69.59979790367979
    4620.420420420421    68.1727449473525
    4625.225225225226    68.66652610709095
    4630.0300300300305    68.31563476175258
    4634.8348348348345    69.50585812853517
    4639.639639639639    69.90267668693681
    4644.444444444444    68.56072550807038
    4649.249249249249    68.27496251798105
    4654.054054054054    68.75592603542837
    4658.858858858859    68.94830887646208
    4663.663663663664    67.52168289619897
    4668.468468468469    66.06667692860991
    4673.273273273273    66.3758479760692
    4678.078078078078    67.80728166607213
    4682.882882882883    67.87062155717598
    4687.687687687688    67.23325166583354
    4692.492492492493    65.74272236855204
    4697.2972972972975    66.74394084373598
    4702.102102102102    67.8451818725456
    4706.906906906907    67.9112172986112
    4711.711711711711    67.56424104551786
    4716.516516516516    67.1751287216159
    4721.321321321321    67.23876430884135
    4726.126126126126    68.01613619669854
    4730.930930930931    68.53750061446789
    4735.735735735736    67.34518368749303
    4740.540540540541    68.61320951567804
    4745.345345345346    67.57410834037931
    4750.15015015015    68.83609267228552
    4754.954954954955    69.62262242570691
    4759.75975975976    68.72706938807211
    4764.5645645645645    68.30187606895423
    4769.369369369369    69.38340894905531
    4774.174174174174    68.07848748538376
    4778.978978978979    67.08743239062667
    4783.783783783784    68.05783484219153
    4788.588588588588    68.28558995556435
    4793.393393393393    67.2128840948194
    4798.198198198198    66.39254225998499
    4803.003003003003    65.2382834792491
    4807.807807807808    64.3642364000603
    4812.612612612613    63.415319478009884
    4817.417417417418    63.66833206788182
    4822.222222222223    64.99679582180686
    4827.0270270270275    64.75230981331232
    4831.831831831832    63.384992182403266
    4836.6366366366365    62.540351293111364
    4841.441441441441    63.66409840659285
    4846.246246246246    63.461310323706144
    4851.051051051051    64.30969554737486
    4855.855855855856    65.15493773028624
    4860.660660660661    66.59167580702257
    4865.465465465466    67.95294287670595
    4870.27027027027    68.83036711816483
    4875.075075075075    67.65900822628993
    4879.87987987988    67.06993679443565
    4884.684684684685    67.37681833182798
    4889.48948948949    68.49872404911466
    4894.294294294295    68.20418147016832
    4899.0990990990995    68.65274941035594
    4903.903903903904    67.43022536520542
    4908.708708708708    67.37890335496886
    4913.513513513513    67.91934974577642
    4918.318318318318    67.40677797080063
    4923.123123123123    68.784857143348
    4927.927927927928    70.18152537826556
    4932.732732732733    70.72896358322909
    4937.537537537538    70.0072641868621
    4942.342342342343    70.54565886123044
    4947.147147147147    71.25239814957368
    4951.951951951952    72.27781725983667
    4956.756756756757    73.5086167242172
    4961.561561561562    73.9149965160434
    4966.3663663663665    75.13243624700684
    4971.171171171171    74.95802249262482
    4975.975975975976    76.08168830515238
    4980.780780780781    75.83852284163025
    4985.585585585585    77.00464226016224
    4990.39039039039    76.99648278793659
    4995.195195195195    75.75005998002413
    5000.0    76.79684365513583
