    238.7565     280.43478  
    253.48261    280.43478  
    268.20872    278.9855   
    282.93483    278.9855   
    297.66094    278.9855   
    312.38705    278.9855   
    327.11315    278.9855   
    341.83926    278.9855   
    356.56537    278.9855   
    371.29148    278.9855   
    386.01759    280.43478  
    400.7437     281.88406  
    415.46981    286.23189  
    430.19592    289.13044  
    444.92203    292.02898  
    459.64814    292.02898  
    474.37425    293.47826  
    489.10036    293.47826  
    503.82647    294.92753  
    518.55258    296.37681  
    533.27869    300.72464  
    548.0048     302.17392  
    562.73091    305.07247  
    577.45702    309.42029  
    592.18313    309.42029  
    606.90924    309.42029  
    621.63535    306.52174  
    636.36146    303.62319  
    651.08756    300.72464  
    665.81367    300.72464  
    680.53978    299.27536  
    695.26589    299.27536  
    709.992      299.27536  
    724.71811    299.27536  
    739.44422    299.27536  
    754.17033    297.82608  
    768.89644    294.92753  
    783.62255    290.57971  
    798.34866    289.13044  
    813.07477    286.23189  
    827.80088    283.33333  
    842.52699    281.88406  
    857.2531     281.88406  
    871.97921    281.88406  
    886.70532    281.88406  
    901.43143    280.43478  
    916.15754    278.9855   
    930.88365    278.9855   
    945.60976    278.9855   
    960.33587    278.9855   
    975.06198    280.43478  
    989.78808    283.33333  
    1004.5142    284.78261  
    1019.2403    286.23189  
    1033.9664    286.23189  
    1048.6925    286.23189  
    1063.4186    286.23189  
    1078.1447    292.02898  
    1092.8709    299.27536  
    1107.597     306.52174  
    1122.3231    312.31884  
    1137.0492    319.56522  
    1151.7753    321.0145   
    1166.5014    323.91304  
    1181.2275    323.91304  
    1195.9536    323.91304  
    1210.6797    323.91304  
    1225.4058    321.0145   
    1240.1319    318.11594  
    1254.8581    316.66667  
    1269.5842    312.31884  
    1284.3103    306.52174  
    1299.0364    299.27536  
    1313.7625    290.57971  
    1328.4886    283.33333  
    1343.2147    277.53623  
    1357.9408    268.84058  
    1372.6669    260.14493  
    1387.393     257.24638  
    1402.1192    260.14493  
    1416.8453    255.7971   
    1431.5714    250.       
    1446.2975    247.10145  
    1461.0236    247.10145  
    1475.7497    245.65217  
    1490.4758    244.2029   
    1505.2019    241.30435  
    1519.928     238.4058   
    1534.6541    236.95652  
    1549.3802    236.95652  
    1564.1064    236.95652  
    1578.8325    238.4058   
    1593.5586    241.30435  
    1608.2847    245.65217  
    1623.0108    250.       
    1637.7369    254.34783  
    1652.463     255.7971   
    1667.1891    258.69565  
    1681.9152    265.94203  
    1696.6413    271.73913  
    1711.3675    276.08695  
    1726.0936    276.08695  
    1740.8197    276.08695  
    1755.5458    276.08695  
    1770.2719    276.08695  
    1784.998     273.1884   
    1799.7241    271.73913  
    1814.4502    271.73913  
    1829.1763    270.28985  
    1843.9024    268.84058  
    1858.6285    267.3913   
    1873.3547    267.3913   
    1888.0808    267.3913   
    1902.8069    267.3913   
    1917.533     267.3913   
    1932.2591    267.3913   
    1946.9852    267.3913   
    1961.7113    270.28985  
    1976.4374    270.28985  
    1991.1635    273.1884   
    2005.8896    273.1884   
    2020.6158    273.1884   
    2035.3419    273.1884   
    2050.068     273.1884   
    2064.7941    273.1884   
    2079.5202    274.63768  
    2094.2463    276.08695  
    2108.9724    277.53623  
    2123.6985    278.9855   
    2138.4246    280.43478  
    2153.1507    280.43478  
    2167.8768    281.88406  
    2182.603     283.33333  
    2197.3291    284.78261  
    2212.0552    287.68116  
    2226.7813    290.57971  
    2241.5074    292.02898  
    2256.2335    293.47826  
    2270.9596    294.92753  
    2285.6857    294.92753  
    2300.4118    296.37681  
    2315.1379    296.37681  
    2329.8641    300.72464  
    2344.5902    305.07247  
    2359.3163    307.97102  
    2374.0424    312.31884  
    2388.7685    316.66667  
    2403.4946    316.66667  
    2418.2207    318.11594  
    2432.9468    319.56522  
    2447.6729    319.56522  
    2462.399     319.56522  
    2477.1251    319.56522  
    2491.8513    319.56522  
    2506.5774    319.56522  
    2521.3035    321.0145   
    2536.0296    323.91304  
    2550.7557    326.8116   
    2565.4818    329.71015  
    2580.2079    332.6087   
    2594.934     336.95652  
    2609.6601    338.40579  
    2624.3862    341.30435  
    2639.1124    341.30435  
    2653.8385    342.75362  
    2668.5646    342.75362  
    2683.2907    342.75362  
    2698.0168    347.10145  
    2712.7429    350.       
    2727.469     352.89855  
    2742.1951    357.24638  
    2756.9212    361.59421  
    2771.6473    365.94203  
    2786.3735    368.84058  
    2801.0996    370.28985  
    2815.8257    371.73913  
    2830.5518    376.08696  
    2845.2779    377.53623  
    2860.004     378.9855   
    2874.7301    380.43478  
    2889.4562    381.88406  
    2904.1823    383.33334  
    2918.9084    384.78261  
    2933.6345    387.68116  
    2948.3607    387.68116
    238.7565     280.43478  
    253.48261    280.43478  
    268.20872    278.9855   
    282.93483    278.9855   
    297.66094    278.9855   
    312.38705    278.9855   
    327.11315    278.9855   
    341.83926    278.9855   
    356.56537    278.9855   
    371.29148    278.9855   
    386.01759    280.43478  
    400.7437     281.88406  
    415.46981    286.23189  
    430.19592    289.13044  
    444.92203    292.02898  
    459.64814    292.02898  
    474.37425    293.47826  
    489.10036    293.47826  
    503.82647    294.92753  
    518.55258    296.37681  
    533.27869    300.72464  
    548.0048     302.17392  
    562.73091    305.07247  
    577.45702    309.42029  
    592.18313    309.42029  
    606.90924    309.42029  
    621.63535    306.52174  
    636.36146    303.62319  
    651.08756    300.72464  
    665.81367    300.72464  
    680.53978    299.27536  
    695.26589    299.27536  
    709.992      299.27536  
    724.71811    299.27536  
    739.44422    299.27536  
    754.17033    297.82608  
    768.89644    294.92753  
    783.62255    290.57971  
    798.34866    289.13044  
    813.07477    286.23189  
    827.80088    283.33333  
    842.52699    281.88406  
    857.2531     281.88406  
    871.97921    281.88406  
    886.70532    281.88406  
    901.43143    280.43478  
    916.15754    278.9855   
    930.88365    278.9855   
    945.60976    278.9855   
    960.33587    278.9855   
    975.06198    280.43478  
    989.78808    283.33333  
    1004.5142    284.78261  
    1019.2403    286.23189  
    1033.9664    286.23189  
    1048.6925    286.23189  
    1063.4186    286.23189  
    1078.1447    292.02898  
    1092.8709    299.27536  
    1107.597     306.52174  
    1122.3231    312.31884  
    1137.0492    319.56522  
    1151.7753    321.0145   
    1166.5014    323.91304  
    1181.2275    323.91304  
    1195.9536    323.91304  
    1210.6797    323.91304  
    1225.4058    321.0145   
    1240.1319    318.11594  
    1254.8581    316.66667  
    1269.5842    312.31884  
    1284.3103    306.52174  
    1299.0364    299.27536  
    1313.7625    290.57971  
    1328.4886    283.33333  
    1343.2147    277.53623  
    1357.9408    268.84058  
    1372.6669    260.14493  
    1387.393     257.24638  
    1402.1192    260.14493  
    1416.8453    255.7971   
    1431.5714    250.       
    1446.2975    247.10145  
    1461.0236    247.10145  
    1475.7497    245.65217  
    1490.4758    244.2029   
    1505.2019    241.30435  
    1519.928     238.4058   
    1534.6541    236.95652  
    1549.3802    236.95652  
    1564.1064    236.95652  
    1578.8325    238.4058   
    1593.5586    241.30435  
    1608.2847    245.65217  
    1623.0108    250.       
    1637.7369    254.34783  
    1652.463     255.7971   
    1667.1891    258.69565  
    1681.9152    265.94203  
    1696.6413    271.73913  
    1711.3675    276.08695  
    1726.0936    276.08695  
    1740.8197    276.08695  
    1755.5458    276.08695  
    1770.2719    276.08695  
    1784.998     273.1884   
    1799.7241    271.73913  
    1814.4502    271.73913  
    1829.1763    270.28985  
    1843.9024    268.84058  
    1858.6285    267.3913   
    1873.3547    267.3913   
    1888.0808    267.3913   
    1902.8069    267.3913   
    1917.533     267.3913   
    1932.2591    267.3913   
    1946.9852    267.3913   
    1961.7113    270.28985  
    1976.4374    270.28985  
    1991.1635    273.1884   
    2005.8896    273.1884   
    2020.6158    273.1884   
    2035.3419    273.1884   
    2050.068     273.1884   
    2064.7941    273.1884   
    2079.5202    274.63768  
    2094.2463    276.08695  
    2108.9724    277.53623  
    2123.6985    278.9855   
    2138.4246    280.43478  
    2153.1507    280.43478  
    2167.8768    281.88406  
    2182.603     283.33333  
    2197.3291    284.78261  
    2212.0552    287.68116  
    2226.7813    290.57971  
    2241.5074    292.02898  
    2256.2335    293.47826  
    2270.9596    294.92753  
    2285.6857    294.92753  
    2300.4118    296.37681  
    2315.1379    296.37681  
    2329.8641    300.72464  
    2344.5902    305.07247  
    2359.3163    307.97102  
    2374.0424    312.31884  
    2388.7685    316.66667  
    2403.4946    316.66667  
    2418.2207    318.11594  
    2432.9468    319.56522  
    2447.6729    319.56522  
    2462.399     319.56522  
    2477.1251    319.56522  
    2491.8513    319.56522  
    2506.5774    319.56522  
    2521.3035    321.0145   
    2536.0296    323.91304  
    2550.7557    326.8116   
    2565.4818    329.71015  
    2580.2079    332.6087   
    2594.934     336.95652  
    2609.6601    338.40579  
    2624.3862    341.30435  
    2639.1124    341.30435  
    2653.8385    342.75362  
    2668.5646    342.75362  
    2683.2907    342.75362  
    2698.0168    347.10145  
    2712.7429    350.       
    2727.469     352.89855  
    2742.1951    357.24638  
    2756.9212    361.59421  
    2771.6473    365.94203  
    2786.3735    368.84058  
    2801.0996    370.28985  
    2815.8257    371.73913  
    2830.5518    376.08696  
    2845.2779    377.53623  
    2860.004     378.9855   
    2874.7301    380.43478  
    2889.4562    381.88406  
    2904.1823    383.33334  
    2918.9084    384.78261  
    2933.6345    387.68116  
    2948.3607    387.68116
    238.7565     280.43478  
    253.48261    280.43478  
    268.20872    278.9855   
    282.93483    278.9855   
    297.66094    278.9855   
    312.38705    278.9855   
    327.11315    278.9855   
    341.83926    278.9855   
    356.56537    278.9855   
    371.29148    278.9855   
    386.01759    280.43478  
    400.7437     281.88406  
    415.46981    286.23189  
    430.19592    289.13044  
    444.92203    292.02898  
    459.64814    292.02898  
    474.37425    293.47826  
    489.10036    293.47826  
    503.82647    294.92753  
    518.55258    296.37681  
    533.27869    300.72464  
    548.0048     302.17392  
    562.73091    305.07247  
    577.45702    309.42029  
    592.18313    309.42029  
    606.90924    309.42029  
    621.63535    306.52174  
    636.36146    303.62319  
    651.08756    300.72464  
    665.81367    300.72464  
    680.53978    299.27536  
    695.26589    299.27536  
    709.992      299.27536  
    724.71811    299.27536  
    739.44422    299.27536  
    754.17033    297.82608  
    768.89644    294.92753  
    783.62255    290.57971  
    798.34866    289.13044  
    813.07477    286.23189  
    827.80088    283.33333  
    842.52699    281.88406  
    857.2531     281.88406  
    871.97921    281.88406  
    886.70532    281.88406  
    901.43143    280.43478  
    916.15754    278.9855   
    930.88365    278.9855   
    945.60976    278.9855   
    960.33587    278.9855   
    975.06198    280.43478  
    989.78808    283.33333  
    1004.5142    284.78261  
    1019.2403    286.23189  
    1033.9664    286.23189  
    1048.6925    286.23189  
    1063.4186    286.23189  
    1078.1447    292.02898  
    1092.8709    299.27536  
    1107.597     306.52174  
    1122.3231    312.31884  
    1137.0492    319.56522  
    1151.7753    321.0145   
    1166.5014    323.91304  
    1181.2275    323.91304  
    1195.9536    323.91304  
    1210.6797    323.91304  
    1225.4058    321.0145   
    1240.1319    318.11594  
    1254.8581    316.66667  
    1269.5842    312.31884  
    1284.3103    306.52174  
    1299.0364    299.27536  
    1313.7625    290.57971  
    1328.4886    283.33333  
    1343.2147    277.53623  
    1357.9408    268.84058  
    1372.6669    260.14493  
    1387.393     257.24638  
    1402.1192    260.14493  
    1416.8453    255.7971   
    1431.5714    250.       
    1446.2975    247.10145  
    1461.0236    247.10145  
    1475.7497    245.65217  
    1490.4758    244.2029   
    1505.2019    241.30435  
    1519.928     238.4058   
    1534.6541    236.95652  
    1549.3802    236.95652  
    1564.1064    236.95652  
    1578.8325    238.4058   
    1593.5586    241.30435  
    1608.2847    245.65217  
    1623.0108    250.       
    1637.7369    254.34783  
    1652.463     255.7971   
    1667.1891    258.69565  
    1681.9152    265.94203  
    1696.6413    271.73913  
    1711.3675    276.08695  
    1726.0936    276.08695  
    1740.8197    276.08695  
    1755.5458    276.08695  
    1770.2719    276.08695  
    1784.998     273.1884   
    1799.7241    271.73913  
    1814.4502    271.73913  
    1829.1763    270.28985  
    1843.9024    268.84058  
    1858.6285    267.3913   
    1873.3547    267.3913   
    1888.0808    267.3913   
    1902.8069    267.3913   
    1917.533     267.3913   
    1932.2591    267.3913   
    1946.9852    267.3913   
    1961.7113    270.28985  
    1976.4374    270.28985  
    1991.1635    273.1884   
    2005.8896    273.1884   
    2020.6158    273.1884   
    2035.3419    273.1884   
    2050.068     273.1884   
    2064.7941    273.1884   
    2079.5202    274.63768  
    2094.2463    276.08695  
    2108.9724    277.53623  
    2123.6985    278.9855   
    2138.4246    280.43478  
    2153.1507    280.43478  
    2167.8768    281.88406  
    2182.603     283.33333  
    2197.3291    284.78261  
    2212.0552    287.68116  
    2226.7813    290.57971  
    2241.5074    292.02898  
    2256.2335    293.47826  
    2270.9596    294.92753  
    2285.6857    294.92753  
    2300.4118    296.37681  
    2315.1379    296.37681  
    2329.8641    300.72464  
    2344.5902    305.07247  
    2359.3163    307.97102  
    2374.0424    312.31884  
    2388.7685    316.66667  
    2403.4946    316.66667  
    2418.2207    318.11594  
    2432.9468    319.56522  
    2447.6729    319.56522  
    2462.399     319.56522  
    2477.1251    319.56522  
    2491.8513    319.56522  
    2506.5774    319.56522  
    2521.3035    321.0145   
    2536.0296    323.91304  
    2550.7557    326.8116   
    2565.4818    329.71015  
    2580.2079    332.6087   
    2594.934     336.95652  
    2609.6601    338.40579  
    2624.3862    341.30435  
    2639.1124    341.30435  
    2653.8385    342.75362  
    2668.5646    342.75362  
    2683.2907    342.75362  
    2698.0168    347.10145  
    2712.7429    350.       
    2727.469     352.89855  
    2742.1951    357.24638  
    2756.9212    361.59421  
    2771.6473    365.94203  
    2786.3735    368.84058  
    2801.0996    370.28985  
    2815.8257    371.73913  
    2830.5518    376.08696  
    2845.2779    377.53623  
    2860.004     378.9855   
    2874.7301    380.43478  
    2889.4562    381.88406  
    2904.1823    383.33334  
    2918.9084    384.78261  
    2933.6345    387.68116  
    2948.3607    387.68116
    238.7565     280.43478  
    253.48261    280.43478  
    268.20872    278.9855   
    282.93483    278.9855   
    297.66094    278.9855   
    312.38705    278.9855   
    327.11315    278.9855   
    341.83926    278.9855   
    356.56537    278.9855   
    371.29148    278.9855   
    386.01759    280.43478  
    400.7437     281.88406  
    415.46981    286.23189  
    430.19592    289.13044  
    444.92203    292.02898  
    459.64814    292.02898  
    474.37425    293.47826  
    489.10036    293.47826  
    503.82647    294.92753  
    518.55258    296.37681  
    533.27869    300.72464  
    548.0048     302.17392  
    562.73091    305.07247  
    577.45702    309.42029  
    592.18313    309.42029  
    606.90924    309.42029  
    621.63535    306.52174  
    636.36146    303.62319  
    651.08756    300.72464  
    665.81367    300.72464  
    680.53978    299.27536  
    695.26589    299.27536  
    709.992      299.27536  
    724.71811    299.27536  
    739.44422    299.27536  
    754.17033    297.82608  
    768.89644    294.92753  
    783.62255    290.57971  
    798.34866    289.13044  
    813.07477    286.23189  
    827.80088    283.33333  
    842.52699    281.88406  
    857.2531     281.88406  
    871.97921    281.88406  
    886.70532    281.88406  
    901.43143    280.43478  
    916.15754    278.9855   
    930.88365    278.9855   
    945.60976    278.9855   
    960.33587    278.9855   
    975.06198    280.43478  
    989.78808    283.33333  
    1004.5142    284.78261  
    1019.2403    286.23189  
    1033.9664    286.23189  
    1048.6925    286.23189  
    1063.4186    286.23189  
    1078.1447    292.02898  
    1092.8709    299.27536  
    1107.597     306.52174  
    1122.3231    312.31884  
    1137.0492    319.56522  
    1151.7753    321.0145   
    1166.5014    323.91304  
    1181.2275    323.91304  
    1195.9536    323.91304  
    1210.6797    323.91304  
    1225.4058    321.0145   
    1240.1319    318.11594  
    1254.8581    316.66667  
    1269.5842    312.31884  
    1284.3103    306.52174  
    1299.0364    299.27536  
    1313.7625    290.57971  
    1328.4886    283.33333  
    1343.2147    277.53623  
    1357.9408    268.84058  
    1372.6669    260.14493  
    1387.393     257.24638  
    1402.1192    260.14493  
    1416.8453    255.7971   
    1431.5714    250.       
    1446.2975    247.10145  
    1461.0236    247.10145  
    1475.7497    245.65217  
    1490.4758    244.2029   
    1505.2019    241.30435  
    1519.928     238.4058   
    1534.6541    236.95652  
    1549.3802    236.95652  
    1564.1064    236.95652  
    1578.8325    238.4058   
    1593.5586    241.30435  
    1608.2847    245.65217  
    1623.0108    250.       
    1637.7369    254.34783  
    1652.463     255.7971   
    1667.1891    258.69565  
    1681.9152    265.94203  
    1696.6413    271.73913  
    1711.3675    276.08695  
    1726.0936    276.08695  
    1740.8197    276.08695  
    1755.5458    276.08695  
    1770.2719    276.08695  
    1784.998     273.1884   
    1799.7241    271.73913  
    1814.4502    271.73913  
    1829.1763    270.28985  
    1843.9024    268.84058  
    1858.6285    267.3913   
    1873.3547    267.3913   
    1888.0808    267.3913   
    1902.8069    267.3913   
    1917.533     267.3913   
    1932.2591    267.3913   
    1946.9852    267.3913   
    1961.7113    270.28985  
    1976.4374    270.28985  
    1991.1635    273.1884   
    2005.8896    273.1884   
    2020.6158    273.1884   
    2035.3419    273.1884   
    2050.068     273.1884   
    2064.7941    273.1884   
    2079.5202    274.63768  
    2094.2463    276.08695  
    2108.9724    277.53623  
    2123.6985    278.9855   
    2138.4246    280.43478  
    2153.1507    280.43478  
    2167.8768    281.88406  
    2182.603     283.33333  
    2197.3291    284.78261  
    2212.0552    287.68116  
    2226.7813    290.57971  
    2241.5074    292.02898  
    2256.2335    293.47826  
    2270.9596    294.92753  
    2285.6857    294.92753  
    2300.4118    296.37681  
    2315.1379    296.37681  
    2329.8641    300.72464  
    2344.5902    305.07247  
    2359.3163    307.97102  
    2374.0424    312.31884  
    2388.7685    316.66667  
    2403.4946    316.66667  
    2418.2207    318.11594  
    2432.9468    319.56522  
    2447.6729    319.56522  
    2462.399     319.56522  
    2477.1251    319.56522  
    2491.8513    319.56522  
    2506.5774    319.56522  
    2521.3035    321.0145   
    2536.0296    323.91304  
    2550.7557    326.8116   
    2565.4818    329.71015  
    2580.2079    332.6087   
    2594.934     336.95652  
    2609.6601    338.40579  
    2624.3862    341.30435  
    2639.1124    341.30435  
    2653.8385    342.75362  
    2668.5646    342.75362  
    2683.2907    342.75362  
    2698.0168    347.10145  
    2712.7429    350.       
    2727.469     352.89855  
    2742.1951    357.24638  
    2756.9212    361.59421  
    2771.6473    365.94203  
    2786.3735    368.84058  
    2801.0996    370.28985  
    2815.8257    371.73913  
    2830.5518    376.08696  
    2845.2779    377.53623  
    2860.004     378.9855   
    2874.7301    380.43478  
    2889.4562    381.88406  
    2904.1823    383.33334  
    2918.9084    384.78261  
    2933.6345    387.68116  
    2948.3607    387.68116
    238.7565     280.43478  
    253.48261    280.43478  
    268.20872    278.9855   
    282.93483    278.9855   
    297.66094    278.9855   
    312.38705    278.9855   
    327.11315    278.9855   
    341.83926    278.9855   
    356.56537    278.9855   
    371.29148    278.9855   
    386.01759    280.43478  
    400.7437     281.88406  
    415.46981    286.23189  
    430.19592    289.13044  
    444.92203    292.02898  
    459.64814    292.02898  
    474.37425    293.47826  
    489.10036    293.47826  
    503.82647    294.92753  
    518.55258    296.37681  
    533.27869    300.72464  
    548.0048     302.17392  
    562.73091    305.07247  
    577.45702    309.42029  
    592.18313    309.42029  
    606.90924    309.42029  
    621.63535    306.52174  
    636.36146    303.62319  
    651.08756    300.72464  
    665.81367    300.72464  
    680.53978    299.27536  
    695.26589    299.27536  
    709.992      299.27536  
    724.71811    299.27536  
    739.44422    299.27536  
    754.17033    297.82608  
    768.89644    294.92753  
    783.62255    290.57971  
    798.34866    289.13044  
    813.07477    286.23189  
    827.80088    283.33333  
    842.52699    281.88406  
    857.2531     281.88406  
    871.97921    281.88406  
    886.70532    281.88406  
    901.43143    280.43478  
    916.15754    278.9855   
    930.88365    278.9855   
    945.60976    278.9855   
    960.33587    278.9855   
    975.06198    280.43478  
    989.78808    283.33333  
    1004.5142    284.78261  
    1019.2403    286.23189  
    1033.9664    286.23189  
    1048.6925    286.23189  
    1063.4186    286.23189  
    1078.1447    292.02898  
    1092.8709    299.27536  
    1107.597     306.52174  
    1122.3231    312.31884  
    1137.0492    319.56522  
    1151.7753    321.0145   
    1166.5014    323.91304  
    1181.2275    323.91304  
    1195.9536    323.91304  
    1210.6797    323.91304  
    1225.4058    321.0145   
    1240.1319    318.11594  
    1254.8581    316.66667  
    1269.5842    312.31884  
    1284.3103    306.52174  
    1299.0364    299.27536  
    1313.7625    290.57971  
    1328.4886    283.33333  
    1343.2147    277.53623  
    1357.9408    268.84058  
    1372.6669    260.14493  
    1387.393     257.24638  
    1402.1192    260.14493  
    1416.8453    255.7971   
    1431.5714    250.       
    1446.2975    247.10145  
    1461.0236    247.10145  
    1475.7497    245.65217  
    1490.4758    244.2029   
    1505.2019    241.30435  
    1519.928     238.4058   
    1534.6541    236.95652  
    1549.3802    236.95652  
    1564.1064    236.95652  
    1578.8325    238.4058   
    1593.5586    241.30435  
    1608.2847    245.65217  
    1623.0108    250.       
    1637.7369    254.34783  
    1652.463     255.7971   
    1667.1891    258.69565  
    1681.9152    265.94203  
    1696.6413    271.73913  
    1711.3675    276.08695  
    1726.0936    276.08695  
    1740.8197    276.08695  
    1755.5458    276.08695  
    1770.2719    276.08695  
    1784.998     273.1884   
    1799.7241    271.73913  
    1814.4502    271.73913  
    1829.1763    270.28985  
    1843.9024    268.84058  
    1858.6285    267.3913   
    1873.3547    267.3913   
    1888.0808    267.3913   
    1902.8069    267.3913   
    1917.533     267.3913   
    1932.2591    267.3913   
    1946.9852    267.3913   
    1961.7113    270.28985  
    1976.4374    270.28985  
    1991.1635    273.1884   
    2005.8896    273.1884   
    2020.6158    273.1884   
    2035.3419    273.1884   
    2050.068     273.1884   
    2064.7941    273.1884   
    2079.5202    274.63768  
    2094.2463    276.08695  
    2108.9724    277.53623  
    2123.6985    278.9855   
    2138.4246    280.43478  
    2153.1507    280.43478  
    2167.8768    281.88406  
    2182.603     283.33333  
    2197.3291    284.78261  
    2212.0552    287.68116  
    2226.7813    290.57971  
    2241.5074    292.02898  
    2256.2335    293.47826  
    2270.9596    294.92753  
    2285.6857    294.92753  
    2300.4118    296.37681  
    2315.1379    296.37681  
    2329.8641    300.72464  
    2344.5902    305.07247  
    2359.3163    307.97102  
    2374.0424    312.31884  
    2388.7685    316.66667  
    2403.4946    316.66667  
    2418.2207    318.11594  
    2432.9468    319.56522  
    2447.6729    319.56522  
    2462.399     319.56522  
    2477.1251    319.56522  
    2491.8513    319.56522  
    2506.5774    319.56522  
    2521.3035    321.0145   
    2536.0296    323.91304  
    2550.7557    326.8116   
    2565.4818    329.71015  
    2580.2079    332.6087   
    2594.934     336.95652  
    2609.6601    338.40579  
    2624.3862    341.30435  
    2639.1124    341.30435  
    2653.8385    342.75362  
    2668.5646    342.75362  
    2683.2907    342.75362  
    2698.0168    347.10145  
    2712.7429    350.       
    2727.469     352.89855  
    2742.1951    357.24638  
    2756.9212    361.59421  
    2771.6473    365.94203  
    2786.3735    368.84058  
    2801.0996    370.28985  
    2815.8257    371.73913  
    2830.5518    376.08696  
    2845.2779    377.53623  
    2860.004     378.9855   
    2874.7301    380.43478  
    2889.4562    381.88406  
    2904.1823    383.33334  
    2918.9084    384.78261  
    2933.6345    387.68116  
    2948.3607    387.68116