    200.0    184.61912369020814
    248.4848484848485    183.6152219379389
    296.969696969697    182.94171107370124
    345.45454545454544    182.5867180239284
    393.93939393939394    182.5991411031459
    442.42424242424244    182.05102109513604
    490.9090909090909    183.00006874004885
    539.3939393939394    183.13631091178112
    587.8787878787879    183.70579026200176
    636.3636363636364    183.93417778369334
    684.8484848484849    183.21370025861754
    733.3333333333334    183.38374873430374
    781.8181818181818    183.96016909111165
    830.3030303030303    183.5106618057678
    878.7878787878788    183.4118668826335
    927.2727272727273    183.70571800171535
    975.7575757575758    182.65728260454387
    1024.2424242424242    182.41498354826737
    1072.7272727272727    181.49983888795703
    1121.2121212121212    181.21906033829873
    1169.6969696969697    180.50881354756672
    1218.181818181818    180.6952628598522
    1266.6666666666667    181.6881093901388
    1315.1515151515152    182.78818972477112
    1363.6363636363635    183.05766100463168
    1412.121212121212    182.047763214979
    1460.6060606060605    180.99397883590805
    1509.090909090909    181.85307224749425
    1557.5757575757575    181.9014617285221
    1606.060606060606    181.14669097194866
    1654.5454545454545    181.81847237058986
    1703.030303030303    181.5991334912643
    1751.5151515151515    181.95955255218024
    1800.0    182.81942591922396
    1848.4848484848485    182.85108899890875
    1896.969696969697    181.97422897364788
    1945.4545454545455    180.91203106647015
    1993.939393939394    181.2641802576488
    2042.4242424242425    182.4106881899385
    2090.909090909091    182.2610280893775
    2139.3939393939395    181.51173357463503
    2187.878787878788    182.2448925474942
    2236.363636363636    183.12562127529452
    2284.848484848485    182.7344429137849
    2333.3333333333335    182.82071681322424
    2381.818181818182    183.71913902304843
    2430.3030303030305    183.65225350850542
    2478.787878787879    184.50449880356803
    2527.272727272727    185.19998718506196
    2575.7575757575755    186.1033707127877
    2624.242424242424    185.07308938483715
    2672.7272727272725    184.03749772315575
    2721.212121212121    183.7889024026091
    2769.6969696969695    184.8570058042311
    2818.181818181818    186.04831849517845
    2866.6666666666665    185.26461481582518
    2915.151515151515    184.8720111488874
    2963.6363636363635    183.95120702906965
    3012.121212121212    183.3964841184778
    3060.6060606060605    183.67402232209025
    3109.090909090909    184.33679528335225
    3157.5757575757575    184.21376007536287
    3206.060606060606    183.95941468371998
    3254.5454545454545    184.18228065079256
    3303.030303030303    184.9528582891006
    3351.5151515151515    184.80087574672785
    3400.0    184.54068097577687
    3448.4848484848485    183.46526558023876
    3496.969696969697    184.5349805740866
    3545.4545454545455    184.8355873155055
    3593.939393939394    185.84690380234036
    3642.4242424242425    184.69264875946538
    3690.909090909091    185.46921892472497
    3739.3939393939395    184.3032308428261
    3787.878787878788    185.20262188921825
    3836.3636363636365    186.24624847890328
    3884.848484848485    185.16325246471214
    3933.3333333333335    185.25307735733483
    3981.818181818182    185.83997000392768
    4030.3030303030305    186.09058795714208
    4078.787878787879    185.7906027649439
    4127.272727272727    186.19666272508871
    4175.757575757576    185.8232088725307
    4224.242424242424    186.4786736280138
    4272.727272727272    185.98324295259874
    4321.212121212121    185.24218977493976
    4369.69696969697    186.16013027854615
    4418.181818181818    185.95652810563095
    4466.666666666667    186.381149451828
    4515.151515151515    186.2536833746752
    4563.636363636364    186.35769336223404
    4612.121212121212    185.90216396019318
    4660.606060606061    185.6495176078764
    4709.090909090909    185.30892867459872
    4757.575757575758    186.12922249773735
    4806.060606060606    185.42534490126548
    4854.545454545454    186.1087848982215
    4903.030303030303    186.4060559776273
    4951.515151515151    186.56535732737132
    5000.0    186.07168492489177
